v -0.524753 -0.707811 -1.37533
v -1.53072 -0.666692 -0.246043
v -0.906262 -0.661508 1.11465
v 0.545834 -0.691875 1.43058
v 1.42838 -0.731081 0.229593
v 1.00376 -0.742633 -1.23456
v 0.786882 2.82926 -1.29208
v 0.63432 3.39803 -0.788073
v 0.981512 3.47944 -0.0789129
v 1.52378 2.91226 0.0919508
v 1.67634 2.34349 -0.412051
v 1.32915 2.26209 -1.12121
v 2.59035 4.58157 -2.36406
v 2.28499 4.93522 -1.78959
v 2.61892 4.92501 -1.15015
v 3.30715 4.6892 -1.05697
v 3.57986 4.27748 -1.60876
v 3.19057 4.18931 -2.20974
v 3.54873 7.47469 -3.08566
v 3.17914 7.78206 -2.58487
v 3.45759 7.91591 -1.98529
v 4.12953 7.82592 -1.85391
v 4.46704 7.4315 -2.31475
v 4.16741 7.24017 -2.88795
v 4.61062 9.7155 -4.61096
v 4.32967 10.0261 -4.18947
v 4.61849 10.3778 -3.75896
v 5.1932 10.1512 -3.64934
v 5.4464 9.75916 -4.01712
v 5.23061 9.62172 -4.58895
v 5.32991 12.1494 -6.04678
v 4.94374 12.4323 -5.75564
v 5.13216 12.7581 -5.32972
v 5.682 12.7851 -5.24367
v 6.06216 12.6056 -5.61406
v 5.87457 12.2655 -6.02901
v 4.50482 14.4674 -8.187
v 4.19017 14.5513 -7.82242
v 4.29636 14.8645 -7.4208
v 4.81238 14.9139 -7.37723
v 5.12365 14.8422 -7.74729
v 4.97229 14.6929 -8.22209
v 3.99985 17.357 -8.28958
v 3.73223 17.4265 -7.97026
v 3.86047 17.5496 -7.58888
v 4.27885 17.5479 -7.50233
v 4.54164 17.4121 -7.80389
v 4.41747 17.3449 -8.20025
v -1.32999 3.06875 -0.363729
v -1.55759 2.54365 0.157999
v -1.27446 2.48797 0.896637
v -0.713633 3.03217 1.07856
v -0.486032 3.55727 0.556835
v -0.769166 3.61295 -0.181802
v -3.13891 4.92041 0.608952
v -3.54369 4.65459 1.16326
v -3.18725 4.57937 1.79795
v -2.5597 4.89534 1.93327
v -2.19822 5.25073 1.3996
v -2.47852 5.16848 0.728617
v -3.69165 8.11752 0.828338
v -4.08153 7.96337 1.40745
v -3.81857 7.91917 2.02716
v -3.12958 8.04124 2.1732
v -2.73953 7.95445 1.58035
v -3.00248 7.98061 0.959613
v -3.08732 11.0352 1.06462
v -3.43606 10.9484 1.53576
v -3.28627 11.1202 2.13284
v -2.66283 11.013 2.19557
v -2.3154 10.9363 1.72171
v -2.46225 11.1303 1.13072
v -3.48996 13.9078 1.06409
v -3.90333 13.8031 1.44793
v -3.71347 13.7671 1.99329
v -3.18115 13.8962 2.10893
v -2.83285 14.1725 1.74622
v -2.99599 14.138 1.19218
v -4.00133 8.77271 1.0531
v -3.13923 8.37941 1.16974
v -4.34707 8.11694 0.90442
v -3.49063 7.64338 1.01312
v -4.50992 8.03998 1.63875
v -3.67443 7.55971 1.81871
v -4.16418 8.69576 1.78744
v -3.32303 8.29574 1.97533
v -5.39095 9.67738 0.666911
v -5.90213 9.28261 0.442941
v -6.10893 9.22953 1.09234
v -5.72877 9.77441 1.25323
v -6.74064 11.3948 0.568838
v -7.10149 10.9461 0.356538
v -7.23338 10.7799 0.932314
v -6.87331 11.2291 1.14461
v -7.69876 11.9113 0.443552
v -8.10324 11.5316 0.251496
v -8.0992 11.2996 0.790802
v -7.82275 11.7732 1.00053
v -8.46285 12.8019 1.2725
v -8.95731 12.5917 1.14086
v -8.88589 12.2117 1.53638
v -8.43099 12.471 1.71465
v -2.28227 5.84553 1.04559
v -2.87672 5.10514 0.686232
v -2.54328 5.76185 1.81172
v -3.17736 4.99241 1.52808
v -1.91518 5.26874 1.96791
v -2.49943 4.42257 1.69388
v -1.65417 5.35241 1.20179
v -2.19879 4.5353 0.85203
v -0.650002 6.83895 1.47679
v -0.894234 6.86803 2.01372
v -0.728117 6.31387 2.13249
v -0.483885 6.28479 1.59556
v 0.312135 7.16361 2.20397
v 0.0298738 7.21088 2.69134
v 0.133727 6.65995 2.763
v 0.567266 6.70004 2.40261
v 0.97366 7.64614 2.8445
v 0.635033 7.68697 3.24996
v 0.953424 7.38978 3.5517
v 1.23368 7.27369 3.11728
v 1.42008 8.48807 2.84257
v 1.21664 8.65476 3.26961
v 1.63447 8.52095 3.51262
v 1.85446 8.40175 3.07795
v 1.63962 9.84556 2.50049
v 1.46076 9.79022 2.97366
v 1.91164 9.93458 3.16023
v 2.07711 9.72142 2.72881
v 1.54687 11.2027 2.46467
v 1.40554 11.0172 2.87937
v 1.81029 11.1741 3.07406
v 1.94363 11.0134 2.64659
v -2.15729 7.1855 2.14287
v -2.35035 6.72039 2.45419
v -1.80345 6.61322 2.65402
v -1.61039 7.07833 2.3427
v -2.26412 7.84226 3.28072
v -2.44926 7.37123 3.51805
v -1.91809 7.23764 3.62975
v -1.75831 7.75817 3.50332
v -2.58399 8.10859 4.30162
v -2.74287 7.62928 4.45258
v -2.33356 7.59262 4.78256
v -2.13677 8.03292 4.57001
v -3.14679 8.66965 4.83075
v -3.44636 8.45936 5.17168
v -3.07754 8.47961 5.50897
v -2.77663 8.68594 5.16679
v -3.17157 9.93949 4.85731
v -3.47714 9.77942 5.20787
v -3.15146 9.89589 5.55751
v -2.81727 9.92985 5.19828
v -3.7328 11.1812 5.02111
v -3.90473 10.8456 5.35205
v -3.69858 11.1441 5.6986
v -3.36631 11.0456 5.3358
v 5.748 11.6475 -6.08637
v 5.56824 11.7865 -4.97864
v 5.79319 11.0142 -6.00004
v 5.62471 11.0673 -4.90753
v 5.17074 10.9534 -6.1396
v 4.91558 10.9983 -5.04161
v 5.12555 11.5867 -6.22594
v 4.85911 11.7176 -5.11272
v 6.01564 11.4634 -7.14982
v 6.05398 10.8789 -7.03803
v 5.46197 10.8451 -7.10101
v 5.46079 11.3852 -7.35379
v 6.27901 10.9308 -8.18239
v 6.17475 10.465 -7.86734
v 5.73833 10.3553 -8.2203
v 5.71131 10.9257 -8.25148
v 6.89322 10.6549 -9.06408
v 6.86041 10.1333 -9.0109
v 6.50352 10.1118 -9.39583
v 6.47504 10.6362 -9.38154
v 7.62143 10.7374 -9.75395
v 7.90282 10.3007 -9.89653
v 7.50426 10.3398 -10.2569
v 7.63472 10.8621 -10.2779
v 8.96624 11.0281 -9.91979
v 9.25974 10.646 -9.98339
v 9.04398 10.6783 -10.4176
v 9.05387 11.1626 -10.3784
v 1.85614 12.673 2.9672
v -4.10729 12.4851 5.3907
v 10.8466 20.3032 -5.81436
v 6.87322 24.2135 -4.22274
v 5.90952 18.5685 -3.3188
v 8.06006 15.6382 -7.83539
v 2.36455 16.6654 -7.49283
v 1.63104 21.9652 -5.26009
v 9.61936 24.7719 -9.29799
v 10.3529 19.4721 -11.5307
v 6.07439 22.8688 -13.472
v 5.11069 17.2238 -12.5681
v 1.13734 21.1341 -10.9765
v 3.92385 25.7991 -8.95543
v -8.0904 21.5101 5.79498
v -0.851714 21.0368 6.86486
v -3.50264 25.4041 1.60499
v -4.99437 14.9908 7.09148
v 1.50683 14.8557 3.70278
v 2.42877 21.2915 0.311945
v -9.28367 22.0573 -1.41917
v -6.92512 15.8762 -4.58125
v -10.2056 15.6215 1.97166
v -4.27419 11.5089 0.678616
v 0.313567 15.403 -3.51137
v -2.78246 21.9222 -4.80787
v -12.0443 16.7223 6.65824
v -10.8649 19.2722 2.91027
v -14.0619 15.8715 2.5175
v -12.7275 12.3079 5.24887
v -11.9703 12.1295 0.629857
v -10.8191 16.4337 -0.81548
v -7.55456 17.8104 5.88439
v -8.70571 13.5062 7.32972
v -5.46294 14.0684 3.99675
v -8.65997 10.6677 3.60398
v -7.48055 13.2176 -0.143998
v -6.79736 17.632 1.26537
v 0.0260677 13.3493 1.17591
v 1.76198 15.2723 2.18123
v 2.72727 13.2562 0.530265
v 1.3649 10.9144 1.14809
v 3.92825 11.3325 2.13621
v 4.17366 14.0259 2.77472
v -0.196977 14.1765 3.81941
v -0.442385 11.4831 3.1809
v 1.004 12.2528 5.42535
v 1.9693 10.2367 3.77439
v 3.7052 12.1597 4.77971
v 2.36637 14.5946 4.80753
v 13.9192 11.3979 -10.9759
v 11.569 9.36617 -12.6032
v 11.6449 12.8144 -13.2389
v 12.2513 8.87661 -9.19811
v 8.94605 8.73477 -10.3623
v 8.57131 11.1684 -12.8597
v 12.3741 14.4559 -10.2267
v 9.75122 13.8245 -7.9858
v 12.7489 12.0222 -7.72934
v 9.67527 10.3763 -7.35011
v 7.40095 11.7927 -9.61308
v 9.06893 14.3141 -11.3909
v 2.00384 21.4118 -4.55281
v 4.54963 22.6688 -2.18035
v 3.04216 19.3275 -1.67746
v -0.529795 19.531 -2.62065
v 0.450123 19.6257 0.945956
v 3.58938 21.565 1.21808
v 1.90933 24.9374 -3.43434
v -1.22992 22.9981 -3.70646
v -0.68271 25.2355 -0.810925
v -2.19017 21.8942 -0.308036
v 0.355617 23.1513 2.06443
v 2.88925 25.0321 0.132266
v -0.36303 2.39901 -1.14342
v -1.26129 2.20093 -0.194404
v -0.714177 2.18956 0.836823
v -1.18249 5.8804 1.388
v 0.48326 2.3491 1.08727
v 1.31858 2.03719 0.103932
v 0.854202 2.07139 -0.969078
v -0.0482781 3.49454 -0.524021
v 0.324427 3.47256 0.458374
v -1.91764 6.39276 1.22418
v -2.25408 6.35112 2.06127
v -1.52244 5.91116 2.12541
v -1.44617 6.78437 1.88912
v -4.14722 12.4928 5.11924
v -4.33194 12.2734 5.42385
v -4.06593 12.4726 5.66204
v 1.58185 12.5037 3.05804
v 1.94016 12.411 3.18549
v -3.85257 12.5966 5.35495
v 1.73995 12.659 2.71297
v 2.09998 12.581 2.84234